T0 = 0.01;

in_data = [16.0, 15.0, 15.0, 311.75, 100.0, 0, 200.261, 272.519, 52.704, 0.17571237,  0.21817207,  0.07764958];
