% Geometry constants
a = 31;
b = 40;
c = 10;
R = 40;
w = 5;
h_max = 40;
u_max = 100;

% Starting point
h10 = 20;
h20 = 20;
h30 = 20;

% Simulation time
T = 150;

% Outflow constats -> TODO: get them from experiments
C1 = 16;
C2 = 16;
C3 = 18;

% Vector of variables obtained from TanksOptimalControl device
in_data = [30.0, 30.0, 22.0, 140.312246999846, 100.0, 0, 128.23238467535595, 132.87848556939056];
